3322343713826221125922247222221263232222632332333222231223221432225352522227622122311323531262273513
5533541345563534455432555454434414411366573335634663523353143544535254433516534123415359511733347333
5532443324543354334233535245352312442222335133745252534323323433314215153243323345352424242533443324
3314233525331533334433356655344332512114344543343333333735333552355224322331352586346366445245345344
2222222131233223213122432212242222223222222222222331323313222221221423122226231623122133212223321222
4466395697424268345845444435653448432633445644934252297266844237444446338517598273746441644874441323
3153123332212223122222323521322234131641332252236124424121222627323232222223432212242333232223223132
2122244442221334322121122222442233221211211122322222243322123422242113115214133241122122245112212242
2222231611222212122222122223132223322313222122421522222222122212122371121222322422321221222222224222
5674895338787443475556575582778563243436587758457866742534475636934447667764856666465344545567423855
2156321142229122521321224222222125124232121212222223223252222122252312222542242322171222225222222242
2336345434222232222122433221242521212661522222252273543432333424332452225233222422321254132325324332
4222242242122467322114245222222222425172342243821263244222222252222132222264222122623222222222224242
2222529222522455731222227312245221216422122262222222212221222122242283312222222233322212226527222122
6455965542499962595336742431688552236644961226666585285288436218255986786648444226469852596728929545
2212222323222112212212212224122151222272352132342221223122122222222262212312122221222321221221322222
8543956666456338383755774643576443747477564677476656854678655646678467375565833648547658448963567754
2253552574354533643435521322242242222432512442224624542825536754122224752353423345242263351252543363
1222922632227527122625232217322332451222124222221312573122632322423212122331542332223111292533322312
3333324317536223433334335535365133333333425366333333322262325213233323456353333332632342323153533333
3351222212222422322221242211212222221622312212213312223223262142252322212213222222321221123212223213
4354844334533334337634463543532364433458737532443345443345134353344724418243335466453796344333316643
4224222222221222422422322123124122332142125122232224332343232122222321224113222322212361211232432322
3182842453254222869722363523762213224424432426223185562252252333282222226315852134463632283225726122
4212714216262222224242232367333523422722422425632323224212611422231513212262657313545212443632681292
3534144333352443333433323443333323333333243433533323314333434333333333333322543333343233843434336234
3455363263344442447434444442443764444443444433662434233343364643463555442543352355434564374431433334
3321311232232223122322231223222422222454222412222232232122232232224123222221224252322232324333322312
2413454752624343567736343132164652177257215635272753552754134747357253347721231464334615317351241189
4322232322222333241221323123422322224423342422316233224223133322217432223317221222322222213322312223
4334854253984544832143242262343423334426383333343473947433322956732252612253412294242345224124435584
4441435744541225333943242263235382245445353346343434243832484834342153856333323743743434133443393264
3333414353522533574432633331383454132323354332435535253333124232324315565444333343313432224333535323
3332333333342221132322415122233233232228123222322322213132122431522332223211212222323224242114221334
3786344916554264365455555543461137644494552237543554333465636626223332422332363564544456673366825533
5677473617549554646576477928762565728861786968737498265818674767667593729428778588766528737657963375
4465354243244445652628552254554455557455423523536266222545543663666364566454555465573632556258494584
2122211122431522122222222123222122222122222222222222212122222222221222222321132222222332422221222232
4333124133412132343414142314141233121331322234112131114221333311241234232241221424311444233443456789
3353333324645345155522132334634233134334223331354553342433233337345335636623233233355454532143555544
2145253131224214231113132523233343221232349142333212233323223332231234223122122331223132433252132112
1323222831237432244524333351373322233431222222221137133532243232114565523323222126635341223235323321
3542744451535546645262487844583345653453276864536582563548225722243448642433483463335489586757262658
2122212212222432222242212222132821112122222222222233352243232362212222222123232132424322122232322122
4222212421121121222272212413717172225221231253131366422265241222245311224242327222212222124212222227
4447433545333465353424333526624335635544334413232355335543354458433334451344445454323633533533232436
3333335323333433634333223465333232324223354343233327332352313543642433312233443435452256313227334363
2344234322523233121332522344222531245233411325242122322632224252333222338323323322314341312123322222
7323262315255623222366222272751463671637332322233447235253535123662223343134342222453532646133322233
7334422636522324432242226442223485334327113224334451435241222132323443243321134312124413322425433144
2325243243211834331323434542335222421724123222232522545122424224242233223132322253443222222223322931
2212221222323322222231322221232212131122222324223632222223324112124222322123221233222434324211223232
7333336224734175224282243222323222343122244226132121121231223224422332322422223232462232313223237232
9637467524135452556787687633376634365457446673438435736567565239556263774248443427677564451555251334
1323332321112222221323232231461221121132232232222139111323222211231413223332221422112232322621262133
3232224443222324433312242142424224132522222133224242244442221332214221222215125315221432542314221222
2223263433443233412523245332242245424434342133425323213233221332433324432344242224242434245332223453
1232323112342223232433228233123432344452212268224344423323332244261425324212322213233442213832324413
5734129645333473631659759634354479432696372564343357258637945665659636578239394546795281492573338493
6673456645624542763235643454334414535554564445465543822441568442143535452536344343544236364444436435
3474445456345652245535643353635242773253263554555737222643436664514524534554255455246444553415373434
2443353345236342444238934633314414434744383132434444333335343443363234433233633353333323334343226343
2443433522353433144324431353334313343433533533444323323323463523257336245236433343453233434353232442
1222212451321222131321222212362121112222212216222211322352425123231212222221142244112322221222222422
2332341313443234215323443325332243225225122333342232213221233322132322334213332211324315242422122233
5553332124341232255222211321513223431352442214314623262243133223423342224225532243222532152223432224
2432272328277132311283622224266424492334864461412526252839633313123972262224323286142234161278212149
4122121333232427112322262132423332235333323332522333323333553324221313333382312324233333322352432332
3122435362544344433334666644474344424315344314333634433443444366344462454466232445644433446342235564
4695855477579365657968467975546445475664557856687665635296969757665566566625845565666765748546795764
3334414323531467455573785553754539554365838377337554353544467376573689335657588252433463835728633556
2332224312122222322312222221222122722122212322222122121232332132212323212322123212223222223221221223
2123314432235443336222335436247266634212243124241324332123431322843223563223536255125336232237323321
2424722334544144122333324343435344431562235185215334143443343214324412532513242643222342325241354224
4434133446332243332523736353233323342488123333333363353333343343235231212933333393333243233432355331
1767437687556656859666968937667653957888526658723348969546277283675333664734464776743273527617393351
2121421436216735211532255522527221252262223334227321125111757551624121222217234242612184112222122622
2324363233464334534644242333453343334534533348244453433342152335343622362163335433453263634473633331
2224123148521161225226325222572522427424112772221222222122422214222226226226229325222252112242462622
4855762986744876557898747454634886656644567363259545663462845954357632526879863645587548645777844653
3331445225645446548546232445333445733437454334494374533232354443844672244447234373327744433255634733
2251323233132222433212212222231223224222312322342322232122322233122322434223214222123224212222322142
4343744443442434343215343443426542524344433454412642445517454343235446422344436442733343414442423644
3929433523363261432724434623353265216446774375854434323135533332443573446232343482334523245445325165
5425332652227272274321344753442245114243352322322334533243323262264251232323233467422322642142717846
2321221832473382323122123383128235122333222524235232223113243342332533222251132622232323243233325311
1334122463333222852243223432222222225653363223313338612319524243522353643343434242447352242222222231
3332334314233232433241433231334312338223234231423324333212243332333333223233522223324323533232243212
3426392233433336424338341444234332534853895444347553454643486416386342794794393283354234595456222243
2322241433222424324251172324444633124222232322342214424332322422234432114442222333442322625145524414
2222122332223212131322331611253522322132222212233212122351233223133122322232225232342523252213123431
3534144555415534766756854455465176347378748255555485462455537453535155644625358284384765242546464483
6787289764377776637564746767796374872275625635567945678437794854698573836444993677464685367674547484
4144246334424224244243147534443443344141332522323443333624432422341434343124334235245441414244543334
4923243425223223332248542222262242523323253252652923212634422223313343333336323532333324352263348222
2542214432227362255334724341422352422412434235523523142432454444121236132244445434543325643542532443
4611333333422244422431423233323334335342537274473343434433455232236244442341333232334243334443433343
5954968558692569335538736485864574795539545439567559555985645369577945456966646697956986585554549346
4437325535333443474324415294624643444544424244872443344442433825444442344421842742312942432826443333
2222621114422222222222222231221322221221122211272243112231442421122222222222221412241321224222212321
2123225222212222232212242223222222422442232432233222242414235412322222222222323226422123236313236222
3223614234237332232532565331532242342361313324236225533537525223252345322235213355331243234223221435
2423247341123224313421353233511234224313322536235523312243423332253335232244213312462634411243333235
2222322321233213212121122222551111223232321315222222232222132321322223323222323123313215221223352213
2224222421223221213312222242322114212131342132336132222123214141353272221343235235722334321522322322
2544452338454357335126447274321894425343424444412356324224446334495533815233525734585535295444152314
6554528442555663773732364734466653445335625735266365355453453374443544435432525344152666633464345436
6733774447535764547154474865463485852567455763354642655645575444585737355346475532554684644645435358
3434946339133134443333943335654394534323344336834533352343343345225534453433233344343367443325444534
5413321455433855858383393293238536645882256354355658832415422519255472924853541352897566577923446583
3333123554573544451332332434333211355132223725446434534223344534233325254321322433432243444451433432
3332932245722332353123332351712533312256337233453333333334331332332334342343433234534439343323335324
2225213322222252422222222222132222222222222432221122222229124322222242221333222235312122212212122122
5233333323233313232733213243133233323332142523322333223321232223333263322333223223333236323223313233
3242566235565746353334375364665356862534534544323356643423322532414365455446622692154445375434354445
1113232223634521512131242415222325342256222223132122222224322543635452332442522122315262222222225113
5439444446444456322443656238425334243344444354433336453334465444454434434664443556354243444334142455
4422322223213233542232232363332244333332422322533413232313323231224155222333222412143235232231344221
1323221323223243842221223222232233233212322323324223222233324221323212443314433552312552322433333322
5323254535116754443155743257644322442566445354434533365135453424675456653663312614624337487456666125
1624543384333312342833423125313254122125332635232822244334233154442322733233313523224268433443152244
8634854444465287768227494734452354335446475322361595956756142535446526132254473453757366353524563658
4215342614212435592333523332112444442223424424323274222229422226224253513262218343164143622324412213
2225216222323256224333331232323312142322433223233352423321222433725123222332223132232335326232123242
3221221112212332222221211221212132211124322322532221812233222822452212312222233322422112343221222122
2221141312222323332422222321222223223221233313132223421322323121321234451112311336223112213223223222
4536625635551656154644536237447535383646254646223665353645759637563545742455474259453643657663346426
2321741222453212122222552242632222242222212225535224415222231552252251525444377223452542121425411254
5753643735425954243423273173542336143494794452443273514375233435244328457526334521466948353542245253
2312252322231212222222112225212323123221222213232222222412741213222222222222232222222222231222141323
2222222212212222322241221242242422222222322224223242353122212122221221123215122332215221222114212311
1242121142412152223212222222232222123122224212222222222222122222121212221142122221126221241222122232
2221122242132241624252212122244222223241222124215432122212221222221213132222442121232221225222222222
2322222222313222223222221322232312322434413211121212312322222233232221134344424321242322223133222232
2324342133525223342322232222246442243237223332223222323322335122332433243323322323221232453225322312
2642712222117522231222352252232472182157427222812227122222322113222582772222227224528221172222823187
2361333418333433233323532622332131333332224323333333353333323323342693323633233343433333342333333342
4646353556332343564395344464326524415644522344454243321333426412434624444662443647353353674664436542
2322222143211122221111322232222133222121221222221132222212222227122222122221262122122222322242222223
3221222232322212232224225832323123212231224323622221342122221221222122423223238135326222162115142223
2341322422242222322443462222232323422231232223122221623252217342211424324237334222545232324643334224
3514331233433433342336223323426431333233343235333432335638362433833253344733236612533423233333131316
4241422442122223244722134224332323531132118222246343414332113123231414415413224242123222324323412322
2944232632212421243333112232323122331213222331242322123343232224944232321232962222294221221233222722
2485585653425555555457445436555242447425146755457354467625545552547464355555315526653252453455553755
2231232122121226313322123121221222242621231233312223132321324242213211223322123221121612122222222222
4447544736334336444453333346365245434394888333334473537544545355412381443347357353435534534434458355
3332522324332223133323212422333312232333124332432222312333222312233213423332213222236331233234233322
4576622442517286772238539815575857495348735477589767522467346266265464876742327432543172767777935123
4557845228766656474476756668896487385654356575565764748764575494748645656398495485458368655857764796
3574665436744137535424625165463234433233522555454534364362136442144454355965543422653364444464643643
8923571349384294933583843468334537544363337453644882533335744787444232233384236513133534458656569326
3145112222155212221523222422433224522214614154225222232422255143221273211552222332222223222322242321
2134331421315222222222132122222322353132412222236112127422223226236322111322313422333222218421222286
3212332221211222222223221332211222222112212522212322222522213243122121122223222212313221223122231223
3332322431222323325212223226312174113233222123332332323224331223311343331322232212233232322243232213
2214712322223242223115222114223244153222212134113222222222222222222242622373213441227272322133315223
2443434133334733333337332243333333232323333623451334233333443231533334332313272452332213233733333144
2123222222332223222325254323211312223552523222111223222232342222222324224224414424221221422324412242
2323453342543523433235432452233353335333263333243232353254335432333343433323234433333333333333343333
3984342585247337276344553472527278293553481686424838527263264233772325449343112423554533473367542474
2135236433523522423532463521523245434345552414233354152364156525224255534155223532352252536433355632
5233242222122312112221523124422323224212252242472212321222231242322322222232212222412122222242622622
3473353439332258642425373146393824323645632342432322874284424625675415323143332733328233536383362582
4246422442362483246244444443444534424264284322463684444344522214223242224442434243215162445235454144
5535534242531463132273111544245244254523544255635211352524621445345455231526626244525553455554143545
6745442253135453734327333343332343333433337271532343344532323334452642634144232264532442644343333234
5413222352483352383142421531133233321132332223213234323324444232233323523343313223233334332333181433
2222212222222232222622112222322221222222222222212221222222222212121221122233422112223222222222231212
4234333342433235536443443334333432433333323333424334342144534442433242413423342333332323334333338334
2231322225214662422233225222333344244232222322521655923122123263422428566236156124132364224622323232
3223322344314233313232232421538425522223342313232342334262234223333224352272323331465324232631232214
2232211222221552315233221122315122252223221342332322114311332422121322235321233222322243231232232232
2233523932342352333543243526545543454315662534135323353343143343635431437535494322434523543565543242
6239877257567574545356483653647255438677598822772367755397849662623297533345731757246683257235948777
3364344338453435244446453354344625245644141444451366444344346334364445333643546424434665446454435333
5126121241223448212255222224345123252411721254123224226332222251522275221232222212231235222122212127
2211232222222422222222332222221122122212222422122221213222222222126222242222421222222212212221222222
1311465354366532323242222625162152534233335634255652344135113466655621521432524144151563525413254789
5968666685892765766996686768647799958796377478867547978486648894846698899976828746586867686688769978
4626563225744726623245764243356244656552222473634125275554556874962784523556551456636624264656646248
5222422212222222225242221212211222122227221222224225321222124132312222422612222112222232232222222222
6547255445355363452635332463663476357333578734389473755238464336353448365683486584264712334423444435
1722294213222422222422264231612232242453421234262313252426222612221252212212243436333211422322222253
2282121332222236523323383233263236521722423242622432624222338423321224322322833122323332222723423247
3362223523332332213353321353215414256233323233223313333482323323323323623222352336322233234322121132
4533335433353333333232333333333223523343533543333915533232533733543445133353623253233323233532534353
6522351242826232821271922222162252222222222262848526222221332224222126445349356543223222126221221219
3112343422273333323422123323227943424333272332413243422322335214832472423533344241533423434232323221
4335283232333634254263625474131237343414665434544541354423443435544444244314424652373458334236445444
6227522221862312113392961524862537233252231243228951335325222225231225862227222272221242283415222234
4233334236232351232232145232322426222212322261322231252121312262223132123322322322242241211232327313
3353332323323311331132223383533323334323232323333433234332333333423224333332334333333333433333333232
3444434452249444885444435344334234144244982434442242443445424914659444372436734942364343672444443377
6317622422223322166413226232114422344333123467172215425555122323342222642724762452622734122423214722
2465242854121354325444353631243413445258434433442424441533437242232434221534443411412442422264352342
2127642584366285655444236633315477328841173315277387683635475418624775842834317242564766118885687139
2131122323213222222222212132222122121222322522211221222222327123122221422122232222222222222422672222
3523512243323514524111531243223544434534511514455154413135422533452112224432211332142334353325326789
2232216322232322212222222222222122241222232113253222322221221322522224222222552222222221222322232222