56
4
1067 1293 492 425
19
1933 905 1798 1794 1638 597 260 292 1935 1591 1239 814 1916 791 705 1599 510 1549 691
16
1632 1091 1221 1871 1095 924 938 388 1767 1362 958 1700 618 755 1493 607
12
104 899 1638 1695 489 451 1610 1631 1507 1208 493 1055
11
1528 1039 1341 748 909 787 23 1846 1526 1789 1560
4
1488 177 1238 1332
4
941 1436 34 579
2
874 1381
11
504 1240 651 996 294 901 875 1332 593 1622 241
19
1644 438 1257 1433 1997 1740 1272 174 1329 604 1309 270 391 1694 1200 1872 919 932 1314
2
171 1964
10
817 1216 1644 148 1808 1618 740 1539 1613 1178
15
1397 1526 886 669 51 214 1624 1359 835 14 1404 386 237 322 1318
10
96 1840 1514 865 656 729 860 1156 889 477
15
779 90 1424 1573 1486 950 810 506 1000 1375 129 711 210 142 466
7
730 1140 616 280 1235 456 1793
11
1111 873 1310 266 113 139 513 891 580 288 815
5
1589 1624 923 941 999
11
1651 1560 1545 468 506 274 1607 1122 553 1193 1929
17
1995 1039 1922 1657 1657 34 1795 521 925 374 808 91 790 397 1715 1712 1337
5
1115 1339 976 659 158
13
932 117 954 1837 1309 1234 533 1656 625 454 1312 281 488
6
1153 1764 1831 312 206 972
20
272 1036 748 1336 150 438 663 1160 596 496 91 712 1801 279 372 1035 812 379 1659 1617
10
291 456 1147 1443 571 1329 106 777 653 1166
8
1688 1913 736 189 351 1398 1348 946
13
1790 9 1694 69 732 728 1232 1111 738 848 1152 1028 1304
19
822 1874 1979 927 650 631 92 50 318 5 785 858 707 534 205 4 427 347 12
12
415 1095 1551 1998 557 288 845 61 1315 500 711 488
14
689 1414 1375 1320 1858 1776 1989 214 912 847 920 1446 1403 923
12
1749 1286 695 515 732 245 512 1641 532 1709 1701 198
8
411 685 933 1099 98 660 418 1955
15
759 168 1347 1605 1439 1144 1007 361 1015 1108 1646 61 1622 378 305
6
370 836 194 70 1033 401
20
1717 1686 1930 166 345 348 121 1131 1458 640 477 1062 79 1620 420 791 986 1527 789 1046
9
1518 1702 1986 1887 537 179 1956 1569 931
7
1637 616 716 1803 960 1415 275
11
872 1266 919 1933 1696 891 353 487 228 1879 1275
6
1379 792 1327 1364 678 1864
14
985 1784 825 1771 1773 1792 486 1575 752 1901 201 1194 1124 1466
4
1057 1162 1354 1761
20
1934 1991 1274 1559 1722 417 1237 1437 1446 1100 1331 430 1236 507 552 1008 298 1037 934 1401
9
1134 594 413 951 1410 1821 464 763 1581
3
1048 1571 88
18
1292 856 195 729 653 1294 411 1082 881 917 1985 240 1566 1022 1525 967 662 658
12
1426 1961 1321 1246 776 436 826 1239 1483 749 1678 441
12
886 635 1472 1538 280 1882 972 1513 1150 956 1752 1068
9
1277 34 991 286 1945 416 598 1618 1662
14
53 839 964 1887 1939 641 679 331 1526 1313 154 1416 1945 388
2
1 1
3
67 988 12
2
30 30
5
60 60 60 60 60
2
60 65
4
1 2 3 4
6
10 20 30 40 50 60
