200
56 14 17 93 85 1 87 61 29 55 19 44 28 20 30 37 6 88 28 54 3 20 50 85 43 94 61 11 48 4 82 69 19 65 61 70 67 13 97 96 35 82 5 63 1 35 66 75 90 94 28 59 13 44 9 23 3
88 34 17 75 82 87 60 47 47 29 80 27 92 75 62 73 46 24 74 48 56 14 3 49 9 62 28 19 71 51 23 7 52 40 48 100 26 7 46 40 2 92 67 94 32 95 66 79 18 5 93 40 87 96 89 96 57 83 14 94 0 37 0 18 78 48 17 3 21 30 9 23 21 76 16 54 70 48 99 54 20 91 94 6 86 48 68 8 31
85 1 98 86 2 15 63 16 32 32 38 28 42 61 50 84 44 70 20 58 34 40 44 24 0 16 76 48 84 84 45 66 85 42 51 53 23 80 36 56 78 74 50 86 0 66 70 10 35 56 35 69 96 79 59 96 96 34 44 79 84 55 10 35 64 27 88 87 6 90 8 51 63 59 36 30 24 72 40 26 27 75 61 23 54 87
14 15 20 28 60 71 50 71 5 13 98 59 66 71 49
44 88 11 100 23 7 90 96 48 82 89 89 43 11 8 29 97 23 15 91 84 86 40 20 57 19 84 16 86 20 65 26 7 42 25 31 50 81 93 64 63 81 52 5 59
83 0 55 16 82 45 100 34 52 86 91 37 70 73 22 56 37 14 64 46 5 61 62 87 53 25 49 100 43 20 58 70 87 79 53 68 91 18 68 42 4 25 79 40 98 68 96 1 48 25 13 54 86 75 40 4 66 89 4 75 75 28 11 61 7 64 95 98 82 63 5 86 88 84 92 51 17 54 52 66 79 65 19 31
39 25 35 71 80 5 12 54 34 23 14 41 87 8 38 68 37 9 20 91 93 11 42 77 65 60 8 10 92 94 41 63 18 42 34 98 48 46 51 48
1 31
109 21 5 93 55 43 1 75 100 60 53 41 2 84 68 10 94 25 70 0 88 88 43 21 51 57 33 1 4 68 99 59 55 4 17 10 13 85 85 12 10 37 20 80 21 54 90 81 79 26 82 66 13 91 54 65 47 53 32 17 21 98 76 42 1 59 52 81 9 3 59 19 6 45 99 94 99 55 75 43 81 22 9 60 12 29 24 25 82 23 42 69 20 84 11 88 42 29 34 51 32 93 36 39 4 35 99 69 56 39
53 2 61 88 62 39 16 53 64 98 76 72 67 62 55 44 49 63 73 83 80 72 41 16 77 45 17 75 81 39 14 93 41 41 80 2 81 62 55 44 25 97 16 92 58 37 1 6 0 75 55 80 46 97
81 22 7 79 63 88 17 77 46 24 85 92 27 65 53 48 75 79 11 57 36 69 95 38 42 61 79 97 40 91 59 69 79 67 13 41 20 31 85 67 21 69 58 14 33 78 63 7 56 74 65 58 8 25 96 50 86 40 13 92 30 72 60 8 4 74 50 25 71 0 58 92 69 15 6 68 93 35 75 14 8 5
104 83 30 34 33 82 41 46 74 71 17 33 80 89 6 96 13 43 96 71 35 64 52 41 31 11 76 72 92 50 44 30 32 40 31 31 22 72 43 96 42 27 95 88 15 68 83 95 10 78 31 45 7 83 52 4 60 94 77 52 9 87 48 8 26 79 39 48 16 83 9 59 9 4 12 91 72 96 85 48 39 15 94 13 64 45 17 24 5 60 42 14 46 90 22 73 35 28 87 51 77 97 76 52 67
54 42 4 16 26 52 55 7 45 34 71 57 52 95 28 11 2 42 24 59 31 97 60 59 83 10 35 45 53 87 11 74 95 15 90 20 68 10 27 79 45 64 1 63 25 29 40 27 38 64 86 69 60 45 94
56 22 28 54 41 81 66 81 75 47 70 61 14 80 54 60 91 17 27 53 42 57 60 36 61 23 21 29 50 33 89 59 21 16 12 28 63 78 8 3 25 78 30 5 23 84 31 81 67 59 100 9 82 59 11 42 83
85 37 32 31 25 91 18 7 69 46 36 13 20 39 4 64 69 9 88 18 7 34 85 66 33 60 47 93 71 55 41 70 92 39 67 83 96 52 90 64 64 25 43 85 30 47 48 99 57 1 83 30 1 67 96 35 94 8 94 30 63 0 66 20 5 33 2 0 51 92 30 14 83 74 99 12 20 13 77 43 81 59 73 83 92 34
79 51 42 77 82 71 77 47 91 82 46 93 48 97 50 44 78 99 17 42 10 4 55 53 13 36 78 87 85 36 87 1 87 29 44 34 100 87 48 57 34 60 15 82 23 66 25 0 64 9 42 41 13 64 94 26 100 38 79 50 74 66 51 60 61 61 61 26 47 8 83 81 34 99 28 57 30 53 23 60
51 66 0 41 96 61 34 61 65 79 10 38 10 27 64 71 88 24 64 34 99 46 81 33 10 8 56 6 27 80 67 90 11 33 97 6 60 97 67 24 76 77 62 86 3 93 23 57 83 53 57 82
71 37 81 76 45 2 82 72 48 14 27 59 14 91 31 74 87 98 65 28 40 26 81 9 85 70 66 68 22 22 49 87 25 96 62 70 98 10 8 12 91 1 71 4 58 69 79 45 66 43 39 73 35 19 48 20 89 14 88 10 2 2 98 28 64 25 64 27 35 72 39 93
16 77 97 98 45 41 8 77 84 48 49 86 33 98 72 22 78
93 99 80 94 62 74 57 88 38 84 89 76 90 81 15 66 78 80 10 18 54 53 69 1 2 20 1 66 92 23 9 16 88 55 9 50 29 32 37 67 82 92 42 71 73 24 36 16 3 12 34 57 66 69 25 34 89 26 66 46 15 75 28 2 96 37 18 24 35 21 91 17 13 100 88 86 23 91 1 93 69 1 15 0 37 6 34 92 99 66 38 13 6 66
16 2 70 67 26 71 89 84 88 1 49 42 53 72 32 54 30
80 21 45 68 24 18 1 16 16 34 20 97 40 52 45 8 21 11 1 59 100 85 46 67 33 88 19 71 86 39 0 53 61 11 20 51 29 88 67 12 21 53 8 28 5 19 36 93 30 37 51 97 88 98 63 87 51 83 57 37 21 23 90 48 35 76 66 30 63 32 8 51 52 83 79 57 1 81 15 99 85
4 95 72 30 23
5 81 72 82 84 60
7 73 7 6 14 73 2 78
26 11 95 90 94 39 46 62 19 61 60 70 94 20 42 23 9 67 4 82 14 54 41 19 27 14 25
97 54 95 85 92 5 79 81 65 84 93 93 70 53 52 39 13 38 47 36 14 80 6 96 95 61 2 13 54 83 5 61 36 100 12 94 71 57 74 1 41 66 95 10 86 12 49 99 17 97 0 31 76 7 93 70 34 61 50 88 43 21 14 46 87 26 39 57 84 80 24 24 11 18 0 97 98 49 61 14 11 62 45 54 35 3 90 69 64 5 22 73 26 36 18 12 63 24
29 46 3 60 36 14 44 36 78 41 51 38 21 29 66 32 83 0 35 38 69 65 44 91 38 36 94 56 49 56
111 84 68 15 9 70 97 54 72 74 61 22 78 83 51 44 14 100 10 50 4 80 14 48 36 18 84 29 41 99 51 87 49 18 2 58 54 99 78 25 38 39 48 15 21 65 25 35 31 36 51 1 82 32 49 84 50 99 80 91 64 30 44 12 15 46 70 69 10 48 61 14 53 8 29 74 39 21 75 36 23 93 37 4 91 52 54 40 17 33 98 81 30 7 59 11 19 95 46 29 8 6 43 61 81 38 34 87 25 76 22 48
85 26 18 58 44 39 64 61 72 27 7 68 34 32 45 53 27 92 48 35 98 57 97 79 62 97 31 87 38 53 1 5 45 19 29 90 58 60 16 97 53 91 30 88 22 76 6 49 67 21 51 30 78 47 75 5 9 5 93 48 25 94 19 70 79 49 25 3 75 8 100 27 99 29 14 87 71 88 36 37 75 87 34 18 100 8
108 8 14 83 56 39 42 76 75 20 91 0 23 65 8 89 58 73 85 39 59 55 26 61 59 0 47 59 18 12 67 8 21 47 91 43 86 32 85 61 19 41 27 8 5 35 64 64 74 48 2 32 69 95 94 94 61 6 52 45 19 86 54 6 32 10 15 18 9 0 45 28 41 38 2 13 73 66 43 12 80 11 44 15 72 3 8 32 10 27 43 96 12 97 68 10 74 83 95 83 83 39 10 91 77 79 70 15 45
54 94 24 90 38 39 61 7 14 59 84 7 1 79 86 65 12 96 38 96 91 20 44 96 97 0 39 75 70 20 19 48 14 10 37 18 15 98 25 96 22 9 2 24 54 88 55 67 84 93 28 40 79 72 35
1 73
10 49 42 61 35 91 75 11 94 93 93
17 84 89 80 59 57 70 13 45 24 46 95 83 74 0 61 11 1
40 50 42 51 59 2 52 15 43 29 8 1 21 66 51 76 12 10 33 82 90 44 73 35 4 55 75 4 16 52 5 17 2 13 34 61 82 86 42 24 81
29 92 69 83 43 44 95 53 43 76 8 53 14 43 57 70 84 27 86 1 100 69 3 12 3 30 95 55 38 85
40 89 77 4 71 86 14 31 38 58 73 46 77 88 55 0 57 4 27 8 5 93 77 76 5 80 72 66 1 10 50 37 65 93 41 1 78 21 32 82 45
60 94 22 92 14 22 48 18 15 22 91 75 100 32 46 45 70 11 46 46 27 49 10 20 90 11 98 11 9 80 22 14 73 44 5 88 32 20 72 14 8 62 89 7 60 34 19 30 45 31 76 72 81 53 58 36 30 56 13 40 1
95 20 74 80 92 27 79 11 66 93 20 94 47 94 54 81 79 50 92 10 25 29 57 44 88 93 75 9 6 81 10 8 0 50 54 92 44 32 70 9 91 56 2 37 15 22 84 95 72 75 71 64 71 27 7 24 19 48 100 92 28 76 100 28 25 54 87 35 52 56 44 43 11 13 80 26 35 30 87 74 71 57 37 41 84 10 31 70 59 30 61 53 5 61 48 98
61 34 32 32 90 43 75 67 22 21 59 23 51 46 97 21 69 100 29 53 10 26 22 35 57 49 88 28 9 35 92 56 35 91 89 91 100 29 57 21 50 83 44 67 95 7 55 63 6 50 82 16 76 70 17 99 19 5 27 95 6 85
50 42 75 39 32 74 34 56 61 85 38 72 17 99 45 72 27 51 21 9 34 64 79 51 62 64 22 55 59 29 40 9 37 81 14 69 21 48 24 48 99 28 19 16 26 64 54 54 82 42 29
17 5 74 32 67 38 21 89 97 50 28 72 87 75 86 21 96 33
63 44 99 40 29 14 33 60 34 53 41 76 82 22 81 55 20 14 59 41 2 55 91 97 26 43 71 78 65 67 78 77 77 76 83 5 56 15 65 90 68 72 66 15 94 12 37 14 26 96 55 28 17 12 24 43 55 96 21 86 28 65 62 4
51 45 76 96 26 7 51 61 79 16 76 73 29 79 53 21 75 7 50 92 86 40 0 41 1 88 93 96 52 55 66 58 66 42 53 92 49 4 52 94 87 95 66 82 73 85 3 13 93 19 71 44
1 72
70 27 25 78 22 78 99 89 35 30 97 55 21 11 25 40 4 11 0 37 94 39 21 63 53 80 82 90 24 6 61 8 100 53 52 89 30 16 77 31 46 39 86 34 50 10 40 54 89 40 57 48 79 79 10 98 58 58 54 82 30 14 57 30 67 75 18 63 92 61 61
67 66 46 71 15 23 77 35 78 16 59 25 62 37 1 25 95 59 79 43 55 60 100 85 93 74 69 22 65 96 83 69 27 95 5 8 17 83 10 61 99 69 52 26 5 53 18 66 78 97 8 33 22 7 84 15 82 19 37 12 81 19 81 8 80 53 16 98
58 26 24 100 95 77 26 66 96 10 32 74 6 40 73 29 48 56 10 96 41 13 74 22 99 55 30 78 74 12 41 8 39 66 74 100 42 66 66 3 76 98 77 83 37 15 78 51 38 88 12 79 0 87 67 99 7 97 76
9 76 84 89 81 49 62 80 57 28
40 60 3 8 3 52 12 18 96 29 56 83 42 1 49 28 68 13 35 31 56 82 6 39 70 87 54 98 32 10 92 44 70 62 18 39 80 97 58 76 26
41 24 34 81 74 28 49 53 29 80 75 10 52 13 46 4 67 9 36 43 1 46 13 29 65 18 8 27 76 84 19 22 8 53 2 48 47 17 0 76 63 76
103 14 55 98 18 89 7 21 31 75 67 10 3 98 29 78 25 71 62 10 93 36 30 96 50 77 79 16 19 42 58 71 56 13 35 41 1 8 62 99 83 95 9 52 93 4 29 84 75 57 60 34 59 90 96 8 33 74 25 52 15 83 89 38 62 90 79 29 98 6 28 46 67 3 98 59 7 94 8 48 50 35 82 76 24 77 84 57 51 75 75 32 58 30 70 19 19 14 15 17 87 43 63 54
37 27 79 19 20 54 67 36 89 15 11 12 92 62 36 8 36 77 41 60 6 77 80 93 92 61 9 44 3 38 98 15 65 77 0 51 30 33
42 18 48 65 97 6 26 32 14 29 76 21 89 48 99 34 40 56 95 15 100 98 54 98 79 85 40 79 36 70 79 90 54 26 20 50 32 47 49 13 76 24 34
42 72 99 65 79 54 59 94 20 23 47 17 1 99 23 47 34 93 25 90 12 17 9 62 16 22 77 96 64 0 29 95 39 95 59 17 48 17 10 34 40 24 51
89 22 74 21 22 32 12 78 44 96 53 73 11 76 49 6 5 16 2 100 21 63 24 4 77 8 81 11 14 4 28 22 93 69 9 81 0 21 24 11 17 78 84 95 19 99 68 24 14 36 24 1 99 14 5 75 22 87 86 37 57 81 25 16 49 1 63 15 89 88 26 5 65 76 67 84 41 0 7 21 36 98 23 0 79 95 41 0 81 94
68 4 74 96 20 22 63 49 37 51 36 30 23 0 5 90 50 46 56 24 34 92 88 57 58 66 51 99 33 99 92 2 2 65 64 89 87 26 3 91 44 40 20 67 6 92 22 57 4 78 47 38 35 34 95 93 67 11 91 66 9 49 34 78 13 99 32 67 91
100 57 34 42 77 67 48 68 89 71 72 32 17 9 33 18 70 25 51 48 83 83 23 31 16 1 10 14 100 77 72 1 33 5 43 76 73 92 10 27 28 48 26 12 24 59 97 94 51 47 7 33 29 31 30 45 32 40 26 98 84 98 100 83 69 8 59 7 100 35 1 95 83 27 6 6 86 2 67 36 15 74 35 10 71 65 21 69 72 47 67 21 10 32 3 80 40 28 53 6 63
96 0 12 81 6 18 33 8 51 35 90 92 71 100 62 1 20 31 39 34 64 60 44 96 64 90 35 92 43 41 21 63 41 33 10 13 17 43 88 35 44 77 93 14 42 54 83 63 51 88 63 14 48 73 76 78 63 11 35 72 18 56 0 26 55 10 39 39 19 27 74 64 70 66 44 12 86 26 41 37 81 3 17 28 42 94 5 4 71 40 42 89 63 9 81 17 19
51 56 39 13 96 2 49 61 12 61 13 5 1 50 86 71 33 13 13 26 18 84 63 24 93 18 87 1 99 4 20 85 26 25 98 22 94 47 49 6 74 62 11 42 78 97 79 11 9 92 3 94
77 67 17 0 51 71 1 49 41 88 34 67 13 98 89 73 10 38 79 85 66 90 93 44 52 71 55 61 29 24 20 71 91 4 71 41 75 38 57 82 25 57 48 4 54 3 78 31 7 22 82 73 79 74 16 30 44 71 58 73 96 78 9 52 48 80 60 89 17 83 70 9 39 18 80 93 88 23
13 95 46 71 67 24 44 50 20 55 20 78 27 82
45 3 0 36 83 26 25 67 8 61 42 47 79 21 5 32 45 96 26 57 66 60 47 77 9 67 31 96 11 24 44 33 27 10 69 77 36 94 43 10 55 51 23 100 72 28
44 83 90 24 5 22 50 52 99 59 19 29 21 30 53 65 29 47 75 98 23 77 58 66 87 79 16 76 44 54 3 8 3 60 100 8 82 49 27 46 75 46 75 96 42
8 60 37 40 0 0 63 43 58
68 96 2 77 71 13 98 40 21 0 100 20 75 47 36 1 93 10 13 33 5 21 94 31 58 33 98 59 63 40 83 23 35 86 0 72 65 64 11 52 64 78 73 4 91 8 6 84 85 19 83 90 41 76 87 99 76 84 23 4 90 6 27 91 58 27 62 22 91
105 74 20 83 12 25 74 87 98 23 71 16 5 26 23 48 12 89 23 62 11 27 17 84 54 7 41 48 35 29 4 41 3 92 23 82 83 63 69 80 86 5 62 58 32 52 5 10 40 28 39 17 21 56 68 75 30 8 89 31 38 94 72 7 51 62 55 33 24 23 12 10 96 74 68 94 25 39 70 31 67 8 15 54 31 83 28 27 57 84 58 95 43 30 68 94 58 23 26 82 12 4 58 7 44 92
107 36 30 71 33 63 45 48 16 42 30 11 69 54 95 94 48 37 90 83 97 47 5 89 28 17 93 87 92 36 78 58 38 8 28 72 37 40 19 54 82 16 65 17 70 59 10 84 62 66 66 58 12 37 46 40 21 4 93 12 6 37 70 45 45 65 16 48 71 1 1 18 84 66 35 19 91 11 3 18 77 35 42 55 39 88 62 60 92 54 38 65 91 74 9 1 4 92 50 75 93 17 94 43 50 95 62 6
44 31 25 49 67 67 4 72 21 66 31 79 86 35 43 43 8 52 44 13 43 60 88 2 78 47 45 94 42 6 100 14 38 24 63 71 58 33 42 79 65 39 57 51 74
43 94 48 18 3 27 28 64 82 97 7 28 41 0 70 13 66 84 17 91 13 88 14 46 96 93 11 34 15 28 74 82 88 89 67 91 15 95 20 97 91 27 92 98
105 61 10 60 11 28 16 91 82 30 36 78 89 13 78 3 41 18 52 28 73 18 86 88 79 5 51 35 100 42 32 59 69 8 18 46 2 0 36 85 97 39 28 85 52 72 55 60 56 6 54 28 91 5 16 69 11 33 3 77 41 1 35 76 76 20 22 79 20 24 29 17 63 57 68 82 95 22 7 51 28 61 79 18 67 61 53 44 60 22 20 0 23 55 77 66 41 65 44 62 89 73 45 18 96 12
96 56 35 73 6 29 33 52 48 66 79 67 76 39 90 96 5 79 17 82 44 58 12 88 86 68 26 30 86 88 9 51 44 44 23 16 73 22 68 87 55 47 54 30 52 9 93 57 88 76 5 32 100 17 86 86 51 12 82 36 66 91 53 76 0 42 93 40 65 26 93 86 39 12 15 91 21 74 14 9 15 19 41 15 2 93 67 54 71 48 56 37 5 76 79 72 17
110 11 82 64 4 33 2 16 49 60 38 89 74 13 4 59 20 86 61 12 52 81 84 66 3 87 37 79 65 9 96 2 20 44 66 91 77 34 7 92 94 11 47 33 91 51 92 10 2 19 22 54 100 72 19 2 24 23 81 56 32 43 58 52 53 90 9 29 90 83 88 84 94 34 83 84 51 41 60 53 60 48 6 25 87 92 95 10 14 41 66 12 84 90 31 36 45 40 32 35 22 19 85 82 19 67 65 70 74 91 22
11 38 95 25 24 52 19 35 33 60 67 45
102 23 76 46 68 15 44 2 3 29 87 85 48 54 49 84 27 5 72 27 44 66 52 68 85 37 69 17 97 36 28 6 59 4 19 26 86 63 29 90 93 82 40 6 35 90 91 29 95 62 22 4 95 74 73 79 77 41 62 73 43 90 46 68 60 65 61 12 27 90 68 86 37 7 59 73 63 15 68 24 77 90 28 37 29 67 82 5 8 43 44 17 100 90 86 25 54 46 37 48 1 4 100
14 79 58 77 41 73 44 65 16 100 60 53 95 26 35
28 0 44 44 85 43 33 70 69 88 82 72 1 49 43 0 53 21 25 30 62 64 40 94 80 6 19 100 0
45 0 0 12 44 10 97 54 43 32 89 97 80 60 64 28 2 65 81 23 56 77 52 19 84 11 66 90 97 65 56 7 31 22 19 41 32 82 95 42 80 83 4 59 9 69
100 11 100 34 1 21 77 19 40 26 97 5 82 59 36 38 66 67 60 52 8 59 100 69 67 80 18 71 38 27 5 92 4 71 92 72 92 34 57 32 61 53 3 42 78 40 46 44 73 73 96 81 31 95 16 98 40 34 34 79 61 6 36 31 77 94 3 69 27 60 67 88 80 70 97 57 76 42 67 49 14 62 96 45 23 11 8 29 11 9 7 38 15 9 70 92 2 73 26 30 99
14 84 78 29 80 1 4 22 68 19 2 97 82 48 86
54 22 14 71 31 89 8 12 64 78 4 67 16 97 63 15 90 46 59 18 93 60 89 14 95 8 16 91 90 30 42 48 19 56 85 16 10 94 29 75 37 100 41 54 96 70 69 51 82 27 69 74 54 24 54
25 32 37 38 88 33 80 1 52 1 87 35 12 80 30 87 16 29 94 70 91 29 4 42 10 99
30 85 52 0 38 100 99 41 3 86 75 49 54 93 50 40 27 28 86 57 81 1 52 40 38 43 69 8 51 80 6
19 30 58 95 34 23 93 76 26 45 16 41 99 8 92 38 36 19 23 93
5 91 11 6 95 54
24 3 4 21 76 98 51 0 92 51 90 51 93 83 96 8 23 60 17 14 98 53 0 87 11
30 43 22 39 4 42 14 74 46 1 49 10 52 15 1 70 5 52 62 88 13 37 10 73 54 92 36 73 58 89 84
82 32 73 29 36 14 10 9 27 11 24 37 30 40 4 100 45 23 27 32 36 64 8 76 17 100 11 56 23 0 40 13 32 79 43 34 59 19 9 86 30 33 89 60 73 94 59 84 83 53 15 18 16 91 60 0 56 72 56 80 72 62 93 70 6 1 3 66 20 12 51 51 11 6 10 85 66 36 68 48 55 50 32
62 40 93 37 62 64 94 41 1 21 34 71 28 1 40 94 22 18 10 39 29 16 15 80 82 17 14 29 72 30 28 43 70 20 46 98 50 5 39 51 27 73 88 21 40 27 14 62 11 91 67 6 7 83 87 55 100 67 51 38 97 79 47
74 99 93 29 48 99 68 65 25 6 52 12 47 45 26 75 56 16 42 28 90 91 81 45 56 47 96 94 43 74 40 75 38 33 4 52 98 72 16 89 45 34 0 92 79 93 66 0 8 74 28 65 64 9 76 20 22 71 80 66 10 20 40 14 19 10 66 16 49 48 71 94 82 71 51
92 63 16 60 37 57 54 1 20 29 77 6 52 13 87 17 90 6 23 3 92 0 35 74 49 83 44 8 64 14 59 90 77 41 15 80 98 70 48 18 65 24 24 16 4 77 100 60 83 90 64 74 56 65 13 71 48 57 79 78 71 3 68 13 44 83 60 8 18 7 26 84 98 16 66 1 94 32 62 42 88 92 83 43 56 96 13 70 53 58 48 90 61
20 70 71 64 29 79 83 36 71 32 33 54 64 1 47 96 63 55 49 20 37
5 76 100 71 46 52
6 60 7 21 75 77 93
111 5 71 87 41 8 18 41 62 83 42 75 44 71 29 60 91 33 51 32 32 89 44 50 83 3 57 4 44 0 63 49 5 100 35 13 7 54 20 35 2 62 9 12 99 5 72 55 38 90 53 36 44 98 86 93 67 8 63 78 75 25 26 47 25 61 26 99 81 46 34 49 74 43 62 72 48 100 26 52 55 45 88 99 42 39 92 76 14 54 53 89 46 79 35 71 5 61 35 87 6 69 35 46 12 63 17 26 29 9 79 84
38 66 49 63 72 6 4 86 26 23 74 72 1 76 8 74 36 44 60 9 12 61 55 91 91 39 84 19 48 62 69 69 94 17 99 65 90 2 16
108 26 91 54 94 32 63 67 68 73 93 43 51 20 65 42 10 3 92 96 17 53 64 53 12 48 51 78 37 53 94 19 45 50 74 39 82 2 72 16 75 65 25 92 85 90 100 61 59 91 56 77 43 19 29 56 33 80 100 71 99 59 56 44 76 96 49 23 98 20 5 38 51 31 30 35 87 29 96 46 20 51 89 29 37 84 85 70 29 50 6 27 9 63 37 85 58 86 74 22 73 80 60 23 10 90 25 63 19
24 75 5 38 63 34 41 46 86 10 75 35 84 69 10 46 72 61 70 58 35 92 97 14 18
79 91 7 44 53 93 31 28 64 35 57 99 76 70 84 52 44 85 35 79 96 47 51 56 17 75 91 75 71 71 93 90 61 67 0 81 25 31 75 90 66 31 54 41 0 37 93 11 88 95 56 83 41 73 5 24 47 62 100 84 33 58 74 60 91 74 40 83 71 81 38 36 79 92 43 45 95 1 56 82
78 79 31 37 51 36 61 65 98 26 48 97 51 21 57 41 61 63 23 98 44 61 100 89 18 42 33 12 10 90 61 5 34 92 8 85 27 36 49 91 62 98 88 12 85 44 20 12 73 43 9 83 71 76 71 89 84 4 68 94 60 28 66 94 19 74 44 12 9 60 2 38 23 90 50 74 100 70 86
67 80 62 21 16 3 93 71 87 63 38 81 22 32 12 82 17 86 92 29 62 51 32 100 40 88 15 14 88 52 66 26 98 94 47 13 97 39 50 84 1 55 30 90 87 42 37 71 94 29 100 21 46 98 20 87 86 2 67 39 20 32 65 17 93 11 97 89
50 46 38 18 0 34 75 54 42 11 24 36 6 90 23 53 88 10 5 39 12 72 78 32 70 42 15 62 53 11 17 70 23 21 55 91 56 96 44 64 73 34 66 80 23 90 32 77 100 3 15
30 75 93 76 44 0 91 73 54 68 90 90 91 10 10 81 32 5 91 97 79 24 62 24 48 17 22 91 16 25 6
8 100 65 69 9 66 25 82 86
93 71 41 50 48 52 97 80 23 88 42 68 11 4 58 25 88 80 16 4 4 89 64 3 53 100 80 85 91 61 36 84 32 78 100 80 96 96 25 85 83 68 19 61 38 77 52 25 57 68 96 61 22 26 31 42 25 10 93 15 37 29 65 69 6 64 14 68 60 6 52 8 40 71 69 78 14 21 69 71 55 31 98 44 57 95 86 48 71 78 63 8 73 95
3 45 58 24
86 84 30 31 59 36 68 94 13 82 14 48 18 36 79 16 46 1 77 31 49 48 75 12 22 14 6 65 59 30 55 72 81 51 2 39 87 70 99 66 18 80 81 36 15 59 18 61 61 96 58 76 9 99 88 31 12 60 62 72 57 17 9 3 68 78 8 21 13 6 87 31 86 67 68 67 93 86 94 19 47 51 95 56 16 49 53
38 75 15 66 98 99 41 0 32 18 8 53 32 82 6 29 67 73 97 34 31 49 27 16 96 45 78 18 61 26 71 55 67 52 88 65 50 28 31
58 13 6 35 11 88 41 40 20 81 3 20 78 18 48 95 80 59 72 98 86 64 35 6 30 87 60 61 37 89 93 19 68 99 20 79 86 28 85 5 8 54 26 52 72 40 46 52 65 84 15 50 47 50 22 44 3 83 4
88 37 97 25 4 95 11 49 46 39 100 18 13 54 44 66 25 50 78 43 81 62 25 30 8 75 18 18 44 0 23 50 3 19 41 74 81 53 22 93 58 89 10 72 8 20 37 100 36 14 43 16 42 68 12 17 8 31 35 19 98 58 69 1 44 10 75 91 29 64 83 87 18 60 24 26 80 61 25 16 42 68 32 84 1 11 0 77 42
67 96 39 60 64 6 3 40 48 94 35 78 43 89 96 2 12 21 48 40 12 64 82 81 63 31 48 74 99 24 82 0 86 87 60 16 60 30 22 7 90 58 85 32 46 46 34 58 67 49 98 79 12 45 25 41 77 40 81 41 30 28 41 16 15 0 32 75
47 54 82 20 78 32 18 23 78 19 48 10 68 11 55 46 57 47 88 100 87 34 40 83 63 47 99 44 47 97 18 44 17 66 64 61 64 82 51 41 0 99 17 68 76 38 14 99
79 68 98 37 68 3 87 30 50 51 74 64 48 58 7 31 23 37 92 87 18 8 94 86 6 77 19 83 15 100 81 66 33 45 3 1 14 56 98 31 6 38 95 54 62 68 51 86 4 9 38 89 17 99 40 91 75 60 39 56 25 86 22 59 97 92 26 11 47 90 8 53 94 2 74 56 36 91 7 40
11 45 28 84 9 69 74 85 95 79 6 86
51 28 44 61 19 36 38 32 93 46 86 86 14 59 41 50 49 48 90 15 60 84 65 69 18 38 19 79 83 26 65 46 20 75 73 6 78 10 38 70 56 23 55 36 48 63 86 64 10 41 45 36
49 9 72 76 13 91 55 96 83 86 41 70 60 81 76 37 91 13 73 13 3 28 49 51 91 1 81 67 8 25 3 66 0 41 42 13 98 63 75 81 48 16 50 74 97 25 78 53 4 50
20 7 44 82 25 34 49 5 68 57 98 37 23 64 78 65 78 75 94 52 21
34 34 37 81 97 28 24 16 33 75 82 6 18 29 31 19 78 3 53 35 0 90 24 64 33 55 7 7 48 26 96 55 26 32 1
25 27 26 5 26 0 53 32 85 83 64 70 26 67 22 27 33 11 51 63 10 5 71 18 19 63
26 40 89 78 42 78 4 34 83 30 0 36 29 85 18 93 21 10 25 43 38 58 21 89 20 31 61
77 15 46 19 95 87 8 39 95 86 43 28 69 40 95 71 69 79 55 27 66 65 52 9 2 9 97 92 96 27 18 53 9 64 72 3 16 80 42 77 66 52 71 0 58 65 71 93 10 25 19 76 90 71 51 93 46 47 50 41 41 34 60 50 64 32 19 47 11 62 23 43 80 95 43 3 25 80
24 1 4 14 78 61 51 95 19 63 42 69 70 83 69 30 32 32 62 51 79 39 79 69 83
90 29 92 27 54 72 89 56 42 2 100 2 19 94 21 48 1 56 18 50 91 48 82 23 76 100 68 14 44 36 63 35 65 21 62 19 59 51 41 67 19 6 70 5 100 57 53 68 80 37 17 70 51 66 59 26 31 27 7 75 63 36 9 28 23 38 13 82 55 20 49 40 26 85 11 92 7 31 59 53 68 43 23 19 8 48 11 39 75 85 80
61 88 56 32 10 94 11 59 14 31 7 20 57 58 32 48 65 63 74 18 97 16 7 82 91 55 94 29 97 44 75 0 31 30 32 8 90 9 67 3 40 40 24 63 64 22 77 28 85 50 12 47 32 19 29 22 41 22 17 37 32 93
42 30 22 35 4 79 44 71 82 50 77 72 12 40 60 89 34 10 5 47 58 37 32 87 60 39 75 43 76 6 35 79 2 24 80 6 69 90 43 50 39 19 89
73 25 48 6 60 59 11 73 83 14 71 69 40 10 43 84 52 15 85 98 18 75 77 91 43 33 34 60 72 19 14 90 45 62 62 71 87 39 43 35 53 13 3 94 90 12 43 42 95 27 5 12 69 82 2 11 14 2 71 53 22 51 8 67 13 70 3 66 8 46 1 27 25 71
18 82 84 29 90 78 23 95 56 92 42 24 69 23 27 6 76 15 57
35 82 36 19 51 2 94 97 70 87 88 6 74 35 56 2 24 100 92 85 55 83 27 46 52 50 39 24 92 54 81 41 1 17 26 52
103 19 14 21 5 68 27 45 3 84 14 94 83 5 79 4 55 5 16 6 21 55 30 12 75 77 19 42 94 45 94 79 30 74 100 1 41 94 47 10 43 61 4 92 66 49 96 20 20 78 93 41 99 89 19 73 32 38 14 25 83 74 71 12 47 36 80 55 29 26 31 38 87 1 30 19 50 25 5 70 70 65 77 68 19 96 41 51 33 21 43 82 62 13 60 75 15 40 29 45 66 27 49 19
56 79 4 45 4 76 81 40 40 58 7 26 53 48 43 53 36 86 0 98 65 61 72 81 0 68 92 32 95 40 17 22 19 21 33 90 64 14 29 70 72 36 96 91 51 39 9 87 91 10 50 56 71 21 36 37 89
49 35 49 67 53 38 86 40 71 75 3 85 3 74 56 6 35 13 57 40 22 9 31 32 59 87 69 80 22 72 35 49 7 84 82 60 21 68 100 59 8 70 43 79 43 66 85 78 79 7
65 67 16 15 66 75 1 34 20 90 6 55 4 13 5 86 39 93 19 4 51 95 74 61 73 83 26 23 27 71 97 11 37 12 26 2 53 27 3 73 83 76 95 87 55 100 72 94 58 58 64 9 52 38 70 91 20 62 13 47 32 76 58 35 88 50
74 6 43 7 79 25 83 73 11 3 38 50 97 63 7 26 38 59 64 7 49 51 35 28 64 67 3 89 1 57 38 5 29 82 79 7 6 27 47 85 30 51 34 93 13 41 19 51 66 83 24 81 100 59 8 64 92 78 52 60 0 90 31 29 37 10 2 10 37 15 95 34 67 28 26
16 35 45 98 0 95 88 81 94 13 55 57 4 32 8 30 99
35 62 94 68 38 96 78 41 11 72 75 44 66 1 90 0 46 53 0 40 41 47 34 54 1 57 24 100 32 55 64 97 83 57 30 20
101 8 27 30 46 2 74 12 3 63 12 15 16 80 22 23 26 22 77 95 79 67 94 10 21 58 73 70 81 3 56 33 78 84 63 23 52 2 35 21 66 48 36 48 94 24 71 19 46 13 13 25 80 74 1 68 98 75 3 78 44 60 78 21 9 6 44 61 9 46 82 41 94 17 89 87 42 25 72 54 38 52 79 84 92 47 17 89 88 21 66 31 81 9 18 90 16 28 50 25 74 31
24 33 14 20 86 22 11 58 77 15 76 21 99 67 68 83 55 55 3 87 52 50 63 70 39
38 99 55 70 38 52 1 72 32 21 57 55 99 14 98 13 56 18 78 22 53 60 43 7 29 97 26 79 59 96 84 37 60 38 6 99 56 7 70
18 95 93 9 93 74 73 72 29 57 49 52 9 76 61 84 4 57 9
2 82 71
27 85 98 72 57 96 27 30 31 82 24 23 57 83 97 96 20 93 53 70 44 62 11 71 11 15 95 20
82 76 58 32 61 55 70 84 16 63 14 47 11 4 36 68 54 100 64 74 92 83 9 1 44 20 72 56 2 32 42 67 8 66 99 35 20 34 18 2 98 99 49 8 3 52 42 57 17 5 97 8 88 6 9 99 93 47 20 95 80 28 62 54 95 26 89 81 61 73 84 58 72 99 66 41 16 74 64 33 46 60 41
83 66 16 98 59 30 84 53 76 12 81 29 73 7 84 19 68 22 2 25 60 1 57 0 17 30 64 51 42 24 58 42 56 41 39 81 71 90 34 46 68 14 41 6 88 24 25 55 46 28 46 6 96 69 73 79 66 37 96 7 27 54 49 49 61 55 30 31 10 64 43 78 44 84 84 32 74 8 53 86 2 100 92 98
81 31 77 100 34 38 7 61 92 22 9 18 43 39 49 53 69 58 30 80 7 80 78 81 55 30 67 57 96 24 55 30 55 98 96 89 35 69 15 94 92 92 11 34 30 27 88 66 51 84 11 59 64 89 5 18 85 72 41 47 63 62 77 17 59 38 73 61 7 54 20 99 45 98 99 42 24 52 7 42 36 85
12 66 73 5 50 23 44 91 70 6 19 12 90
70 51 62 4 58 83 91 22 27 89 20 69 79 73 42 20 75 26 87 6 65 93 22 89 2 79 24 8 98 37 98 42 88 26 12 11 8 3 33 1 58 19 71 36 58 79 23 32 5 9 4 36 1 26 24 3 72 49 78 69 52 42 77 5 34 90 16 8 59 49 9
44 68 46 52 26 25 41 24 30 51 96 32 18 88 57 89 59 72 66 95 90 7 71 95 7 60 10 15 85 25 25 0 59 71 19 51 62 60 42 58 10 37 91 96 24
37 84 50 85 49 44 40 23 14 34 97 41 10 12 25 35 3 93 60 74 78 11 2 37 53 60 14 56 50 9 46 63 59 96 13 7 39 53
70 20 87 94 27 63 72 18 64 75 10 24 14 54 1 16 58 54 77 38 76 26 13 21 90 72 17 2 45 22 22 42 8 8 1 35 38 73 54 1 13 30 25 27 85 26 44 42 46 87 46 21 79 59 43 68 30 26 37 75 48 25 83 23 100 84 58 37 22 78 39
14 75 30 29 59 23 39 67 69 25 12 57 3 71 66
30 67 92 41 41 5 66 24 28 65 74 53 69 63 30 7 64 4 3 93 29 26 98 62 62 89 40 18 93 77 50
109 43 41 3 85 12 69 75 41 100 48 60 68 77 90 41 41 61 45 100 56 37 98 18 99 86 58 83 44 1 32 40 44 39 9 95 52 78 69 59 44 84 18 78 60 74 19 67 34 30 67 91 67 30 75 32 82 99 81 26 100 13 32 44 52 42 4 70 86 74 95 96 23 12 74 83 53 59 50 53 55 83 9 88 79 84 19 60 49 0 52 48 80 51 58 98 93 63 68 44 2 62 40 25 41 80 74 60 38 23
57 93 72 22 80 50 72 66 77 20 32 28 35 11 79 59 8 37 21 42 48 90 4 54 14 11 33 89 71 37 78 49 96 16 37 41 32 76 6 8 62 38 37 97 15 82 22 24 19 9 66 67 100 36 20 80 13 19
41 50 56 12 100 17 95 2 58 26 78 31 35 40 35 38 2 51 19 24 75 38 34 6 71 100 43 57 79 56 42 13 6 98 92 72 81 86 74 39 11 18
83 12 58 4 50 26 21 70 51 96 74 51 2 11 50 11 68 95 33 10 7 5 74 65 77 55 16 17 60 28 35 96 6 59 66 57 85 88 93 35 49 32 52 17 43 68 28 78 63 28 54 36 33 27 68 77 48 84 94 74 78 95 69 85 53 1 7 3 89 100 5 37 98 57 55 41 25 49 18 54 77 38 56 10
4 23 53 80 7
2 19 85
9 55 69 25 56 42 28 10 7 33
81 5 57 68 46 48 84 30 1 60 68 23 36 99 47 89 44 20 0 30 4 73 85 40 64 40 82 93 50 90 92 63 61 14 98 6 62 81 2 29 40 36 53 43 0 66 31 45 86 99 75 56 37 25 96 1 65 44 60 81 100 17 43 60 32 40 32 94 20 34 90 27 70 8 70 36 74 67 47 59 31 88
29 69 12 77 36 77 87 96 23 86 12 67 11 10 73 43 71 60 77 60 53 12 68 89 14 41 55 62 66 53
1 46
38 62 89 23 4 75 18 28 26 97 61 37 7 100 80 78 59 22 3 11 0 71 100 15 78 21 77 9 40 25 21 27 53 10 50 58 85 34 52
13 97 12 14 70 78 95 47 37 16 16 14 17 53
24 32 97 68 75 5 7 100 27 34 53 3 50 77 54 84 28 31 80 6 46 50 84 40 63
82 22 46 1 39 99 48 37 96 15 11 67 22 11 94 22 30 63 72 6 17 55 0 48 0 6 60 16 56 100 46 43 22 92 10 27 90 58 65 51 73 76 18 61 53 78 83 49 41 54 21 24 75 21 72 75 94 32 92 50 98 37 93 86 95 2 13 84 60 44 1 99 19 19 59 39 97 41 88 3 61 76 27
7 97 100 9 91 98 67 6
52 70 99 13 64 67 26 14 93 70 15 91 55 34 15 60 97 56 14 0 16 90 27 51 52 93 26 8 56 60 14 84 29 12 97 94 45 22 74 37 58 89 94 79 89 8 39 51 64 19 51 46 8
47 63 60 3 56 69 60 15 49 9 44 28 5 3 73 94 43 77 17 98 70 96 86 79 0 3 8 19 20 55 94 65 84 20 35 39 55 61 20 3 70 65 31 75 34 4 34 78
48 51 75 16 46 27 95 13 97 3 32 16 24 26 48 7 12 83 13 67 43 33 70 79 64 68 19 65 38 53 8 85 3 83 0 15 76 96 28 72 99 61 55 89 53 2 62 31 51
74 98 60 75 33 38 38 0 57 69 38 76 77 22 79 26 23 60 68 85 89 40 49 15 61 37 34 63 99 65 13 40 62 73 14 95 77 18 62 100 88 66 75 30 89 19 56 78 79 24 28 67 30 77 82 91 80 15 19 78 46 99 17 7 37 98 69 13 16 97 79 70 62 53 66
109 38 22 94 16 12 88 50 8 64 98 65 43 80 84 88 25 82 71 100 85 69 68 98 51 30 42 87 92 95 52 8 32 40 68 14 52 56 30 26 86 28 91 29 7 40 83 99 21 53 98 72 88 31 35 38 61 77 91 19 71 9 94 69 49 27 50 68 83 80 94 35 7 85 64 81 91 12 46 79 65 9 50 53 41 86 57 68 62 14 53 100 23 46 68 72 40 84 39 22 64 100 23 37 50 53 85 40 65 30
36 30 39 69 49 46 54 5 81 82 86 100 81 8 12 49 47 52 99 52 40 62 51 64 66 67 16 50 7 82 46 92 78 51 26 26 64
101 98 44 62 84 9 42 58 21 57 4 73 56 57 13 84 74 43 49 41 59 99 14 6 10 5 84 62 32 9 25 78 7 35 5 57 44 14 14 32 71 19 71 93 76 50 43 15 93 92 56 18 57 70 24 67 42 8 95 74 17 19 17 91 20 23 47 31 37 62 63 74 47 33 33 22 84 76 3 42 33 60 60 90 96 85 23 37 93 17 77 76 3 95 67 23 17 13 54 20 41 83
83 88 83 93 76 32 34 80 74 68 5 0 57 0 85 46 38 43 64 81 18 33 75 51 22 58 31 43 44 72 25 4 26 74 97 1 5 31 47 80 65 52 80 21 53 30 34 57 73 64 3 57 97 79 75 18 2 5 27 47 43 53 17 69 26 80 37 99 77 50 44 41 2 90 29 21 19 63 44 58 26 47 81 89
83 55 73 61 26 0 7 70 53 24 4 45 70 41 9 47 58 53 88 26 42 16 47 27 79 57 85 71 3 32 59 62 87 32 22 13 32 96 49 51 86 53 62 55 61 72 1 18 24 90 44 67 5 57 94 51 13 45 21 83 77 47 44 29 79 32 8 77 27 57 27 12 10 89 34 37 60 35 55 51 91 65 84 63
43 43 13 34 54 0 83 97 47 94 26 92 25 0 68 19 58 95 31 34 50 31 71 76 67 92 93 23 56 76 86 77 19 65 77 73 32 59 36 79 52 62 37 78
39 4 63 86 66 94 19 82 92 56 57 24 47 50 47 2 92 33 79 10 64 21 50 96 81 86 41 32 13 78 76 41 48 38 27 80 99 12 61 56
37 18 80 82 34 26 85 25 25 29 2 56 51 18 51 98 70 58 96 83 1 38 90 16 42 83 96 6 62 57 62 97 41 41 44 41 34 95
32 25 24 34 81 41 52 99 38 21 56 100 70 58 37 26 74 80 75 35 86 36 58 48 32 99 55 43 5 89 37 72 81
16 72 61 68 24 59 72 11 82 72 48 5 8 40 45 54 14
18 40 51 38 54 49 2 8 92 8 64 96 80 44 22 17 71 91 41
40 28 19 11 100 33 16 75 39 61 28 53 6 34 70 44 88 86 47 63 77 55 26 72 0 36 61 17 6 51 25 2 45 10 13 45 9 96 86 48 22
41 0 29 48 71 39 1 56 52 64 99 6 56 37 73 92 98 57 99 14 48 0 59 24 81 70 33 42 55 81 65 35 47 60 49 84 65 50 5 17 81 71
1 36
84 63 28 71 86 93 51 33 59 76 57 5 46 56 14 67 36 45 68 49 4 16 33 69 33 38 52 13 8 42 15 82 4 9 18 56 68 35 89 94 78 11 99 23 67 12 56 69 57 24 17 27 6 50 63 5 55 14 85 29 56 0 78 26 76 62 82 44 64 36 37 41 47 1 30 13 81 86 48 3 76 66 31 49 82
55 54 36 74 5 32 97 72 9 89 47 37 71 57 0 6 60 41 20 62 71 100 8 23 48 11 65 13 8 13 61 68 34 98 8 5 96 71 77 71 59 90 7 29 47 8 2 6 15 89 34 53 88 42 76 35
49 6 14 62 87 42 97 87 39 4 92 0 41 68 71 100 23 78 96 70 52 98 77 34 86 10 87 73 53 28 75 73 34 55 0 20 97 97 73 1 67 64 1 7 98 38 7 21 83 2
69 34 66 33 68 17 10 20 56 29 48 30 1 83 52 68 69 14 65 8 83 98 72 84 72 36 89 79 57 71 47 13 71 79 13 39 96 23 59 51 52 74 48 19 22 100 87 57 80 17 65 62 82 3 12 53 39 0 98 62 71 44 75 7 22 88 46 84 77 72
65 95 11 82 80 33 47 33 90 27 16 55 89 98 58 0 50 63 0 47 24 37 57 65 45 45 19 57 28 96 95 29 57 5 10 36 4 58 69 95 51 86 15 39 49 39 6 100 1 73 12 92 10 36 56 21 47 75 44 42 37 5 71 94 10 47
43 15 71 65 76 21 50 57 27 65 62 33 64 29 5 43 20 82 45 76 69 92 17 13 33 54 18 3 47 95 51 42 76 88 6 51 9 22 74 36 88 35 69 17
73 40 26 84 22 71 26 91 63 9 70 96 63 88 66 76 49 83 17 24 70 91 42 45 79 15 81 66 17 15 50 81 56 76 31 78 47 23 34 9 32 4 71 61 92 2 36 6 51 19 31 21 76 73 66 55 54 13 87 71 28 36 18 84 12 49 61 25 38 96 0 36 100 37
80 57 40 99 64 91 84 61 78 60 100 10 14 53 23 67 91 51 3 8 35 82 23 62 6 61 23 73 97 22 9 93 46 49 57 76 6 40 36 50 66 35 60 46 54 83 13 44 0 16 52 1 64 75 63 70 35 87 8 98 75 17 56 87 33 12 62 39 19 64 89 51 99 15 98 19 64 10 63 64 93
69 65 22 56 95 92 58 47 66 55 21 83 11 75 15 90 36 20 75 0 76 26 65 91 90 84 54 66 13 85 58 28 49 46 50 9 37 7 56 69 29 44 51 6 18 67 62 20 53 37 87 28 29 52 18 18 1 39 84 14 23 7 8 38 53 25 48 56 99 3
75 27 13 41 33 31 74 96 18 27 99 4 55 27 22 40 11 91 79 61 71 1 34 46 39 87 71 87 8 69 57 99 97 70 39 96 68 13 57 52 40 55 56 61 48 79 0 59 69 79 19 5 80 53 51 19 5 21 72 80 91 95 78 53 31 84 14 99 63 72 16 69 26 72 29 75
40 97 100 51 75 86 57 21 4 7 6 10 29 78 56 86 73 0 4 3 84 18 68 46 90 84 81 83 21 9 57 38 5 22 89 47 7 11 68 12 19
84 89 14 17 44 66 56 44 70 25 94 54 59 5 10 8 86 93 30 62 15 34 33 37 89 80 11 0 13 23 19 53 78 100 37 88 65 59 99 0 51 92 54 9 98 64 85 49 56 14 10 37 48 44 75 36 90 86 36 70 75 21 89 18 20 92 5 85 51 3 51 1 62 5 77 59 35 61 7 58 41 85 95 55 28
103 92 84 20 94 53 61 82 8 45 68 100 51 19 50 20 70 17 82 75 61 6 77 21 14 34 63 65 28 84 93 64 75 42 50 35 62 78 83 70 22 50 69 39 69 19 60 5 2 7 46 63 14 22 85 95 56 13 59 85 97 17 14 38 59 64 39 20 7 88 90 30 3 59 35 73 44 95 44 46 69 90 76 83 12 26 43 68 5 1 18 68 18 99 5 43 63 10 30 70 98 86 66 68
94 1 40 54 62 50 67 30 39 8 79 51 34 21 86 39 22 70 6 6 69 79 16 98 55 46 33 19 31 100 87 8 67 93 62 95 42 95 25 81 2 70 99 2 92 50 41 80 19 14 53 54 93 69 51 47 81 85 66 78 50 52 86 83 44 14 77 86 75 1 33 78 72 31 46 29 81 88 8 66 1 27 20 60 96 71 6 42 21 39 20 37 57 72 19
37 86 97 53 61 64 86 4 1 83 50 30 29 3 5 96 4 32 15 30 95 52 3 2 74 42 22 10 99 95 97 66 80 93 19 6 56 71
