100
0 0 0 0 0 0 0 0 0 0 0 0
10 10 10 10 10 10 10 10 10 10 10 10
0
1 1 1 1 1 1 1 1 1 1 1 1
10 10 10 10 10 10 10 10 10 10 10 10
1
2 4 6 8 10 12 14 16 18 20 20 20
2 4 6 8 10 12 14 16 18 20 20 20
2
2 4 6 8 10 12 14 16 18 20 20 20
2 4 6 8 10 12 14 16 18 20 20 20
4
4 4 4 4 4 4 4 4 4 4 4 4
4 4 4 4 4 4 4 4 4 4 4 4
0
20 0 20 0 20 0 20 0 20 0 20 0
0 20 0 20 0 20 0 20 0 20 0 20
100
5 2 6 1 1 2 5 7 8 11 12 15
20 20 17 14 9 2 20 15 17 20 17 13
7
3 0 3 5 8 3 1 0 3 5 6 9
0 0 9 2 6 4 1 0 1 5 2 2
10
2 3 3 2 10 1 5 2 4 5 8 1
2 2 8 5 3 2 4 4 4 5 8 6
10
2 3 3 2 10 1 5 2 4 5 8 1
2 2 8 5 3 2 4 4 4 5 8 9
0
1 1 2 2 1 1 2 2 1 1 2 2
20 20 20 20 20 20 20 20 20 20 20 20
-6
