50
44 2307 3046 5354 4406 609 7149 4987 3525 1542 8075 6384 8426 8770 2934 9625 2974 5115 6240 6216 7770 2300 9079 6631 2482 6247 259 55 2824 6407 3803 4769 8713 3201 6474 3119 3809 9975 4457 3686 1516 2531 6421 6293 1300
5 2270 626 821 4861 6841
40 7160 5920 1572 5993 8518 8182 6047 7693 4588 6201 2461 9653 9401 5286 9123 9562 5260 3579 9599 3127 2462 6019 9420 3761 1725 8041 4386 8897 2901 7579 3838 60 9850 5410 2404 8367 9943 8450 6059 4531
2 4871 535
3 156 9657 6316
16 9587 5914 8542 2048 1932 4313 2161 9 2353 2898 8905 1605 476 2743 8016 325
4 419 5043 4446 5220
1 5328
22 2323 2214 2976 2479 1870 9291 4246 7809 1556 9139 9856 3487 3452 8368 9847 2156 1266 8752 113 1741 7846 8128
18 2349 4899 3460 3146 6470 913 8474 9043 3235 687 8370 2065 8909 7660 6310 6717 5567 5449
24 5406 5252 1292 5252 3759 8909 4003 3871 7001 1848 8351 5418 548 9601 5230 3694 2422 2494 8519 1465 2080 9205 6186 4145
15 198 454 1181 5764 2254 457 1169 3857 8100 6421 7616 7008 6775 7838 4008
23 6188 5778 5522 2140 1007 9215 4562 9852 7733 2378 1931 3290 8563 2427 7754 8760 9233 5287 876 1486 5743 2044 5343
42 8464 9310 849 5239 7147 1208 213 9687 6985 5734 1826 4343 1301 2739 4194 9033 1468 2477 2322 6383 4903 6428 1494 4135 1714 2369 1973 3808 4413 7315 7649 9228 6624 4849 818 122 2408 7382 9808 9393 3116 7986
35 768 724 4281 9800 8544 6757 8474 1278 8011 4901 2771 8498 2966 1492 470 6773 5904 4136 773 1483 7111 1973 2301 7232 4380 6034 7040 3772 9149 5025 3859 6268 2100 4491 6068
45 1247 893 8272 5609 2145 1043 4106 5110 2534 4575 8234 4789 8710 9006 2623 5820 7330 1275 9404 1709 7309 6443 1833 2809 7819 2043 9077 6270 6533 1496 9617 4131 2388 7888 9739 4532 5282 197 5993 4167 4771 4226 5307 9833 9583
30 2004 6912 5556 1407 4972 2864 4201 3156 2025 8371 1550 1101 993 8082 2596 609 8564 1335 8496 8303 2218 130 8499 8210 4296 9621 8787 9603 5805 4721
34 7809 7984 9439 5567 2955 8655 6120 2463 679 4490 4012 8131 5482 8446 726 6090 7009 8412 938 1663 629 1067 161 5190 5362 6134 3976 1316 1938 8696 1551 9746 6679 7342
15 5985 2348 7784 4799 3026 2273 5163 7508 4107 3608 8233 196 616 2996 7485
31 3624 8551 8791 8813 265 1276 9140 7932 3214 4187 9483 9311 865 6824 975 3201 9171 8758 8000 8548 7383 3162 6055 1489 3121 639 8036 88 3634 1873 8718
9 423 3861 8773 7039 5136 4264 4971 4701 8450
5 4012 5666 3980 1338 5218
2 6448 3217
1 3830
30 455 1670 5850 7445 6057 2290 7430 7929 1007 7390 4704 4867 6162 1742 6355 6777 3064 1055 5226 3868 5066 7243 4199 2756 2460 3700 9203 2029 8100 9384
10 4906 1053 3312 8702 7109 5601 6131 5038 6607 3520
43 7826 6033 7834 4180 2809 7250 5234 4386 7469 6652 1628 1668 5759 440 1719 4961 8820 9819 4344 9929 1076 5396 3240 9778 8856 8840 5908 245 1799 5780 6337 9624 8164 523 155 973 7772 5388 1710 5240 8391 9690 3259
49 129 4978 5461 8948 1148 9804 8876 2223 1551 8468 8352 6759 3659 4260 7003 5457 6391 9692 1432 4554 214 1586 1878 7985 3326 3588 9576 1716 3277 2835 2217 9757 4164 7677 8704 5311 3833 3931 7533 5383 8750 5885 2141 2409 6496 5496 7865 9238 5187
49 3791 1752 7234 2021 9736 559 5608 5663 8627 5236 4849 843 4992 9012 4871 3695 4322 8703 3977 8207 4086 2727 443 2578 5135 6938 4425 9351 2527 9611 4999 2669 1362 2233 4689 7449 9143 296 9464 7769 5531 4312 4963 522 3324 9834 568 3997 8536
45 2203 8973 3623 2645 7903 8757 5934 2327 4459 8460 8290 9458 7481 9651 8042 2169 3452 3536 8817 2915 1305 699 3578 2619 1221 3253 2452 8140 7250 7340 9036 5804 2664 2658 8449 566 7766 734 9245 2225 5546 7534 8034 3026 3536
25 5194 3339 9610 4010 2605 7266 4709 6183 9885 2281 9435 8688 6772 3036 2379 5808 8840 5043 8465 3640 1960 2583 4373 7556 4807
20 5089 2840 9295 4977 5266 841 4667 1227 1202 7272 8493 5910 3454 4729 4542 9240 9768 1314 2276 2147
23 7467 3541 8289 1106 1852 871 1830 9408 5677 8100 848 8516 3746 5824 133 4586 491 1360 5788 7762 6204 8049 7567
34 2591 3158 7051 256 1785 5549 3728 9251 5441 2016 6708 7293 2887 8538 6700 4915 2989 7547 9783 6734 9723 9915 1320 213 7626 7107 4326 3829 1507 8244 1112 4097 1401 4515
4 9538 6415 783 8788
6 9151 5496 9148 8389 4033 2199
3 7021 9745 9437
6 5819 9352 1425 2383 6977 4883
10 7158 6390 1303 4621 6838 9056 9135 3894 8593 1902
26 3732 3757 3826 9227 9256 8566 9611 1454 1869 2983 7550 7657 3089 3369 7008 865 5751 337 5748 8811 3846 8489 6465 8466 5326 5520
3 9219 464 5854
47 548 5962 424 9774 5217 8990 5737 3022 7210 5071 571 4866 4511 291 1874 5376 6042 8562 7475 1204 8759 5963 7668 7224 7640 9540 7528 3211 6355 9733 3457 6902 5694 3880 6676 7262 2869 8764 283 78 3834 854 4944 4697 1144 3169 72
37 8082 3898 4740 6840 9860 8760 415 3851 8299 7943 7061 4653 7675 517 1555 3369 749 4582 630 3617 9697 7265 3695 9882 4470 4990 4578 1965 4510 1001 5502 2591 4898 6593 9430 1109 5352
44 4960 2 7786 8372 1007 1813 5241 2561 1533 5989 3494 8514 9605 3190 5778 9651 9423 247 992 4001 8564 5501 5001 4065 8091 6251 7009 3872 3711 8713 68 5022 8714 4205 3394 6072 6017 8634 4984 7549 974 8477 2415 578
18 8192 6581 7441 4791 3924 7793 3354 9425 9145 3770 3867 1747 7130 4091 5458 5842 4158 479
8 8362 224 6979 731 5209 1963 4631 6182
41 7045 3112 4809 1589 9692 8601 6379 9967 2745 6084 9391 8241 9853 9610 9988 6982 3700 5445 9176 4209 2275 83 2570 2499 3413 9652 7707 5375 4283 3889 8518 7679 3352 9678 9267 9395 4630 1997 9361 7374 8080
2 1966 4284
13 1953 7618 8412 3749 6793 2620 2376 3227 1541 4874 2991 7545 8932
18 1827 9172 3235 5857 2523 2912 5124 1917 7541 7120 7630 1266 1552 6381 3231 5835 7445 1536