98471,50022
98471,51247
98313,51247
98313,52453
97934,52453
97934,53703
98330,53703
98330,54902
97984,54902
97984,56039
97240,56039
97240,57357
97876,57357
97876,58495
97270,58495
97270,59614
96671,59614
96671,60903
96888,60903
96888,62000
96259,62000
96259,63234
96170,63234
96170,64294
95484,64294
95484,65695
95847,65695
95847,66844
95416,66844
95416,67945
94865,67945
94865,69031
94291,69031
94291,70224
93962,70224
93962,71368
93511,71368
93511,72053
92171,72053
92171,73477
92251,73477
92251,74151
90983,74151
90983,75481
90838,75481
90838,76375
89979,76375
89979,77664
89706,77664
89706,78338
88553,78338
88553,79457
88019,79457
88019,80302
87127,80302
87127,81267
86387,81267
86387,82151
85553,82151
85553,82744
84414,82744
84414,84022
83990,84022
83990,84817
83065,84817
83065,85878
82384,85878
82384,86344
81171,86344
81171,87168
80277,87168
80277,88118
79477,88118
79477,88556
78284,88556
78284,89226
77275,89226
77275,90211
76474,90211
76474,91032
75548,91032
75548,91563
74440,91563
74440,91909
73235,91909
73235,92811
72337,92811
72337,92991
71063,92991
71063,93616
70015,93616
70015,94542
69090,94542
69090,94639
67806,94639
67806,94846
66585,94846
66585,95789
65627,95789
65627,95571
64274,95571
64274,96029
63147,96029
63147,96763
62084,96763
62084,96559
60781,96559
60781,96836
59602,96836
59602,97680
58522,97680
58522,97154
57201,97154
57201,98028
56093,98028
56093,97593
54817,97593
54817,98354
53659,98354
53659,98323
52427,98323
52427,97524
51181,97524
51181,97846
49977,97846
49977,98297
48753,98297
48753,98068
47539,98068
47539,98323
46297,98323
46297,98240
45071,98240
45071,97608
43913,97608
43913,97725
42665,97725
42665,96813
41586,96813
41586,96817
40355,96817
40355,96378
39214,96378
39214,96924
37826,96924
37826,95702
36899,95702
36899,96091
35514,96091
35514,95597
34390,95597
34390,95239
33220,95239
33220,94779
32088,94779
32088,93884
31143,93884
31143,93180
30135,93180
30135,93044
28860,93044
28860,92455
27797,92455
27797,91649
26857,91649
26857,91247
25692,91247
25692,90376
24806,90376
24806,90415
23336,90415
23336,89589
22417,89589
22417,89029
21311,89029
21311,88010
20549,88010
20549,87143
19684,87143
19684,86505
18631,86505
18631,85541
17859,85541
17859,84916
16777,84916
16777,84156
15810,84156
15810,83265
14971,83265
14971,81923
14632,81923
14632,81552
13211,81552
13211,80350
12742,80350
12742,79451
11915,79451
11915,78583
11036,78583
11036,77631
10261,77631
10261,76316
10028,76316
10028,75266
9421,75266
9421,74433
8448,74433
8448,73500
7613,73500
7613,72300
7259,72300
7259,71253
6619,71253
6619,69845
6753,69845
6753,68970
5735,68970
5735,67618
5831,67618
5831,66479
5438,66479
5438,65382
4927,65382
4927,64295
4363,64295
4363,63235
3662,63235
3662,62049
3373,62049
3373,60900
2924,60900
2924,59725
2561,59725
2561,58416
2911,58416
2911,57199
2858,57199
2858,56048
2329,56048
2329,54825
2322,54825
2322,53621
2148,53621
2148,52432
1579,52432
1579,51184
2388,51184
2388,50020
94646,50020
94646,48765
2174,48765
2174,47554
2231,47554
2231,46301
1727,46301
1727,45164
2674,45164
2674,43939
2593,43939
2593,42738
2746,42738
2746,41592
3216,41592
3216,40270
2766,40270
2766,39223
3658,39223
3658,37939
3510,37939
3510,36720
3671,36720
3671,35628
4269,35628
4269,34473
4645,34473
4645,33455
5393,33455
5393,32043
5107,32043
5107,30931
5621,30931
5621,29737
5955,29737
5955,29028
7296,29028
7296,27650
7262,27650
7262,26477
7666,26477
7666,25726
8808,25726
8808,24690
9437,24690
9437,23306
9538,23306
9538,22671
10775,22671
10775,21468
11183,21468
11183,20509
11938,20509
11938,19899
13119,19899
13119,18489
13329,18489
13329,17994
14608,17994
14608,16802
15109,16802
15109,15883
15915,15883
15915,15538
17272,15538
17272,14439
17902,14439
17902,13668
18840,13668
18840,12580
19517,12580
19517,11863
20508,11863
20508,11260
21581,11260
21581,10882
22800,10882
22800,9793
23529,9793
23529,9029
24489,9029
24489,8441
25562,8441
25562,7944
26683,7944
26683,7208
27673,7208
27673,6563
28718,6563
28718,5925
29774,5925
29774,5545
30947,5545
30947,5535
32262,5535
32262,4757
33268,4757
33268,5035
34654,5035
34654,3762
35516,3762
35516,3727
36783,3727
36783,3055
37868,3055
37868,3000
39116,3000
39116,2784
40319,2784
40319,2650
41536,2650
41536,2542
42752,2542
42752,2662
43993,2662
43993,2022
45143,2022
45143,2463
46402,2463
46402,2277
47602,2277
47602,1831
48801,1831
48801,1998
50022,1998
50022,2190
51234,2190
51234,2218
52445,2218
52445,1831
53690,1831
53690,2570
54845,2570
54845,2167
56114,2167
56114,2300
57330,2300
57330,2295
58573,2295
58573,3449
59589,3449
59589,2860
60962,2860
60962,3739
62000,3739
62000,4162
63139,4162
63139,4059
64437,4059
64437,4412
65606,4412
65606,5182
66622,5182
66622,5010
67995,5010
67995,6186
68826,6186
68826,6383
70065,6383
70065,6698
71265,6698
71265,7546
72201,7546
72201,8307
73166,8307
73166,8429
74497,8429
74497,9624
75192,9624
75192,9652
76618,9652
76618,10416
77578,10416
77578,11497
78300,11497
78300,11714
79663,11714
79663,13191
80041,13191
80041,13642
81241,13642
81241,14248
82330,14248
82330,14963
83335,14963
83335,16367
83664,16367
83664,16716
85047,16716
85047,18088
85354,18088
85354,18629
86576,18629
86576,19482
87462,19482
87462,20562
88066,20562
88066,21712
88559,21712
88559,22716
89239,22716
89239,23785
89816,23785
89816,24399
91114,24399
91114,25707
91310,25707
91310,26664
92088,26664
92088,27862
92429,27862
92429,29056
92747,29056
92747,29953
93682,29953
93682,31166
93943,31166
93943,32079
94924,32079
94924,33522
94555,33522
94555,34553
95260,34553
95260,35724
95573,35724
95573,36725
96474,36725
96474,37952
96621,37952
96621,39072
97189,39072
97189,40437
96643,40437
96643,41485
97631,41485
97631,42735
97567,42735
97567,43928
97855,43928
97855,45151
97902,45151
97902,46394
97641,46394
97641,47601
97746,47601
97746,48807
97933,48807
97933,50022