23
439 328
188 334
439 40
658 957
78 -423
-243 319
-619 430
701 732
167 71
-897 -542
-453 696
-861 -775
-754 -469
872 897
-292 -414
-602 -57
-101 -172
-553 919
37 -487
562 -389
16 -911
166 449
-741 -994
-496 138
2
964 411
151 -32
217 191
6
168 -984
-497 624
-864 137
-70 -507
-677 403
-636 -713
-642 522
12
-388 207
-234 -911
-400 587
-499 179
142 950
-244 -94
-949 -83
471 998
479 168
970 -301
608 652
-181 884
-387 29
10
-189 -987
-688 -875
53 146
270 -301
691 661
-620 971
-238 -114
-73 -743
-124 535
-906 -260
200 431
0
